llava 3D        sqa3D(test)        scanqa(val)                             inference time(s)
0.8,0.5,0.20                                                                3.983(4.239)
80 60,40           0.5477          0.907,11.5,0.172,0.44,0.46                    5.026
40(4)              0.537
20(4)              0.497
0.5,0.25,0.125     0.535                                                          372
10(4)              0.450           -4                                             550
10(12)             0.5301          -4
10(24)             0.5268
20(12)                              scanqa
10(24)
10（12）